0 0.7228464419475655 0.40576171875 0.33458177278401996 0.2353515625
0 0.5218476903870163 0.1171875 0.22222222222222224 0.193359375
0 0.7784019975031211 0.533203125 0.27091136079900124 0.177734375
0 0.6410736579275905 0.25 0.30087390761548066 0.1953125
0 0.4263420724094881 0.61181640625 0.2908863920099875 0.2822265625
0 0.23470661672908863 0.63037109375 0.22971285892634208 0.2197265625
0 0.3364544319600499 0.24853515625 0.2759051186017478 0.2236328125
0 0.6023720349563046 0.65625 0.2209737827715356 0.234375
0 0.2515605493133583 0.529296875 0.22846441947565543 0.109375
0 0.19662921348314608 0.3896484375 0.21098626716604246 0.177734375
