0 0.3138020833333333 0.75732421875 0.35416666666666663 0.2587890625
0 0.224609375 0.349609375 0.3684895833333333 0.26171875
0 0.828125 0.576171875 0.3411458333333333 0.234375
0 0.197265625 0.57177734375 0.38932291666666663 0.2197265625
0 0.6614583333333333 0.3642578125 0.328125 0.19140625
0 0.568359375 0.82080078125 0.2825520833333333 0.2314453125
0 0.8294270833333333 0.76611328125 0.27604166666666663 0.1826171875
0 0.6959635416666666 0.470703125 0.24348958333333331 0.126953125
0 0.5944010416666666 0.27978515625 0.24348958333333331 0.1357421875
0 0.40625 0.34814453125 0.171875 0.1845703125
0 0.9765625 0.1357421875 0.04427083333333333 0.150390625
0 0.6080729166666666 0.66162109375 0.18229166666666666 0.1630859375
0 0.4661458333333333 0.52880859375 0.20052083333333331 0.2080078125
